11,11,11,13,11,11,31,11,31,11,11,13,11,11,11
11,11,21,11,11,12,11,11,11,12,11,11,21,11,11
11,21,11,11,21,11,11,11,11,11,21,11,11,21,11
13,11,11,31,11,11,11,12,11,11,11,31,11,11,13
11,11,21,11,11,11,21,11,21,11,11,11,21,11,11
11,12,11,11,11,31,11,11,11,31,11,11,11,12,11
31,11,11,11,21,11,11,11,11,11,21,11,11,11,31
11,11,11,12,11,11,11,11,11,11,11,12,11,11,11
31,11,11,11,21,11,11,11,11,11,21,11,11,11,31
11,12,11,11,11,31,11,11,11,31,11,11,11,12,11
11,11,21,11,11,11,21,11,21,11,11,11,21,11,11
13,11,11,31,11,11,11,12,11,11,11,31,11,11,13
11,21,11,11,21,11,11,11,11,11,21,11,11,21,11
11,11,21,11,11,12,11,11,11,12,11,11,21,11,11
11,11,11,13,11,11,31,11,31,11,11,13,11,11,11
